p_1: 0.6 p_2: 0.2  1.0886075949367089(0.2841765103878943),1.481012658227848(0.49963935078457083)at width:2.5
p_1: 0.6 p_2: 0.3  1.1139240506329113(0.3177189974180033),1.518987341772152(0.4996393507845709)at width:2.5
p_1: 0.6 p_2: 0.4  1.0886075949367089(0.2841765103878943),1.481012658227848(0.4996393507845709)at width:2.5
