_p_1: 1 p_2: 0  0.7142857142857143(0.45175395145262565),0.4489795918367347(0.49739010640628323)at width:2.5
_p_1: 1 p_2: 0  nan(nan),nan(nan)at width:2.5
