_p_1: 1 p_2: 0  0.6326530612244898(0.482082114735417),0.7142857142857143(0.45175395145262565)at width:2.5
_p_1: 1 p_2: 0  nan(nan),nan(nan)at width:2.5
