_p_1: 0.2 p_2: 0.1  1.3316582914572865(0.47080895187423966),1.3819095477386936(0.4858545513677113)at width:2.5
_p_1: 0.2 p_2: 0.1  1.2814070351758795(0.4496855742954189),1.4773869346733668(0.49948838752921315)at width:2.5
